Gennertation : 0
Best solution : Individual{solution=[28 , 21 , 12 , 11 , 6 , 46 , 32 , 45 , 24 , 15 , 40 , 23 , 39 , 25 , 43 , 34 , 20 , 8 , 31 , 33 , 3 , 7 , 47 , 22 , 14 , 13 , 26 , 35 , 2 , 48 , 9 , 42 , 5 , 16 , 1 , 36 , 38 , 29 , 4 , 44 , 30 , 37 , 10 , 41 , 18 , 27 , 17 , 19 ]}---Fitness: 120294.16505916246
Gennertation : 1
Best solution : Individual{solution=[28 , 21 , 12 , 11 , 6 , 46 , 32 , 45 , 24 , 15 , 40 , 23 , 39 , 25 , 43 , 34 , 20 , 8 , 31 , 33 , 3 , 7 , 47 , 22 , 14 , 13 , 26 , 35 , 2 , 48 , 9 , 42 , 5 , 16 , 1 , 36 , 38 , 29 , 4 , 44 , 30 , 37 , 10 , 41 , 18 , 27 , 17 , 19 ]}---Fitness: 120294.16505916246
Gennertation : 2
Best solution : Individual{solution=[28 , 21 , 12 , 11 , 6 , 46 , 32 , 45 , 24 , 15 , 40 , 23 , 39 , 25 , 43 , 34 , 20 , 8 , 31 , 33 , 3 , 7 , 47 , 22 , 14 , 13 , 26 , 35 , 2 , 48 , 9 , 42 , 5 , 16 , 1 , 36 , 38 , 29 , 4 , 44 , 30 , 37 , 10 , 41 , 18 , 27 , 17 , 19 ]}---Fitness: 120294.16505916246
Gennertation : 3
Best solution : Individual{solution=[28 , 21 , 12 , 11 , 6 , 46 , 32 , 45 , 24 , 15 , 40 , 23 , 39 , 25 , 43 , 34 , 20 , 8 , 31 , 33 , 3 , 7 , 47 , 22 , 14 , 13 , 26 , 35 , 2 , 48 , 9 , 42 , 5 , 16 , 1 , 36 , 38 , 29 , 4 , 44 , 30 , 37 , 10 , 41 , 18 , 27 , 17 , 19 ]}---Fitness: 120294.16505916246
Gennertation : 4
Best solution : Individual{solution=[28 , 21 , 12 , 11 , 6 , 46 , 32 , 45 , 24 , 15 , 40 , 23 , 39 , 25 , 43 , 34 , 20 , 8 , 31 , 33 , 3 , 7 , 47 , 22 , 14 , 13 , 26 , 35 , 2 , 48 , 9 , 42 , 5 , 16 , 1 , 36 , 38 , 29 , 4 , 44 , 30 , 37 , 10 , 41 , 18 , 27 , 17 , 19 ]}---Fitness: 120294.16505916246
Gennertation : 5
Best solution : Individual{solution=[28 , 19 , 27 , 2 , 13 , 41 , 3 , 34 , 22 , 25 , 33 , 23 , 37 , 12 , 21 , 47 , 48 , 24 , 17 , 31 , 40 , 11 , 29 , 20 , 6 , 7 , 45 , 26 , 35 , 8 , 15 , 38 , 14 , 1 , 9 , 46 , 18 , 5 , 44 , 16 , 30 , 43 , 36 , 10 , 4 , 42 , 32 , 39 ]}---Fitness: 120110.83249689046
Gennertation : 6
Best solution : Individual{solution=[13 , 17 , 6 , 43 , 1 , 12 , 23 , 29 , 10 , 48 , 5 , 32 , 16 , 3 , 22 , 25 , 14 , 41 , 11 , 44 , 18 , 36 , 30 , 8 , 27 , 33 , 9 , 37 , 19 , 21 , 15 , 24 , 45 , 34 , 38 , 26 , 40 , 20 , 46 , 2 , 47 , 7 , 28 , 31 , 4 , 42 , 35 , 39 ]}---Fitness: 113532.46139379736
Gennertation : 7
Best solution : Individual{solution=[33 , 19 , 28 , 47 , 13 , 35 , 2 , 21 , 34 , 26 , 5 , 32 , 16 , 3 , 22 , 25 , 14 , 41 , 11 , 44 , 18 , 36 , 30 , 8 , 27 , 38 , 20 , 17 , 24 , 45 , 15 , 7 , 48 , 1 , 9 , 46 , 40 , 12 , 31 , 6 , 37 , 43 , 23 , 10 , 4 , 42 , 29 , 39 ]}---Fitness: 107064.71778938334
Gennertation : 8
Best solution : Individual{solution=[33 , 19 , 28 , 47 , 13 , 35 , 2 , 21 , 34 , 26 , 5 , 32 , 16 , 3 , 22 , 25 , 14 , 41 , 11 , 44 , 18 , 36 , 30 , 8 , 27 , 38 , 20 , 17 , 24 , 45 , 15 , 7 , 48 , 1 , 9 , 46 , 40 , 12 , 31 , 6 , 37 , 43 , 23 , 10 , 4 , 42 , 29 , 39 ]}---Fitness: 107064.71778938334
Gennertation : 9
Best solution : Individual{solution=[33 , 19 , 28 , 47 , 13 , 35 , 2 , 21 , 34 , 26 , 5 , 32 , 16 , 3 , 22 , 25 , 14 , 41 , 11 , 44 , 18 , 36 , 30 , 8 , 27 , 38 , 20 , 17 , 24 , 45 , 15 , 7 , 48 , 1 , 9 , 46 , 40 , 12 , 31 , 6 , 37 , 43 , 23 , 10 , 4 , 42 , 29 , 39 ]}---Fitness: 107064.71778938334
Gennertation : 10
Best solution : Individual{solution=[38 , 43 , 12 , 11 , 6 , 8 , 32 , 45 , 24 , 15 , 3 , 23 , 34 , 25 , 21 , 39 , 47 , 33 , 22 , 41 , 46 , 7 , 19 , 40 , 14 , 13 , 26 , 35 , 2 , 48 , 9 , 42 , 5 , 16 , 1 , 36 , 28 , 10 , 4 , 29 , 30 , 37 , 44 , 20 , 18 , 27 , 17 , 31 ]}---Fitness: 103941.85835959471
Gennertation : 11
Best solution : Individual{solution=[38 , 43 , 12 , 11 , 6 , 8 , 32 , 45 , 24 , 15 , 3 , 23 , 34 , 25 , 21 , 39 , 47 , 33 , 22 , 41 , 46 , 7 , 19 , 40 , 14 , 13 , 26 , 35 , 2 , 48 , 9 , 42 , 5 , 16 , 1 , 36 , 28 , 10 , 4 , 29 , 30 , 37 , 44 , 20 , 18 , 27 , 17 , 31 ]}---Fitness: 103941.85835959471
Gennertation : 12
Best solution : Individual{solution=[6 , 21 , 18 , 37 , 38 , 46 , 25 , 45 , 24 , 39 , 32 , 19 , 33 , 28 , 44 , 17 , 30 , 27 , 12 , 31 , 40 , 47 , 22 , 20 , 14 , 13 , 26 , 35 , 2 , 48 , 34 , 8 , 3 , 1 , 9 , 23 , 29 , 41 , 5 , 16 , 15 , 43 , 36 , 10 , 4 , 42 , 11 , 7 ]}---Fitness: 100289.83473703961
Gennertation : 13
Best solution : Individual{solution=[28 , 43 , 12 , 11 , 6 , 8 , 32 , 45 , 24 , 15 , 3 , 23 , 34 , 25 , 21 , 39 , 47 , 33 , 22 , 41 , 46 , 7 , 19 , 40 , 14 , 13 , 1 , 48 , 2 , 4 , 35 , 10 , 29 , 5 , 26 , 36 , 38 , 16 , 9 , 44 , 30 , 37 , 42 , 20 , 18 , 27 , 17 , 31 ]}---Fitness: 99929.01528570405
Gennertation : 14
Best solution : Individual{solution=[30 , 41 , 23 , 20 , 18 , 15 , 29 , 26 , 10 , 47 , 38 , 32 , 39 , 42 , 21 , 25 , 1 , 8 , 37 , 33 , 31 , 7 , 19 , 27 , 28 , 11 , 5 , 48 , 2 , 4 , 35 , 24 , 45 , 34 , 9 , 46 , 40 , 12 , 44 , 22 , 14 , 3 , 16 , 36 , 13 , 43 , 6 , 17 ]}---Fitness: 93006.17966217107
Gennertation : 15
Best solution : Individual{solution=[30 , 41 , 23 , 20 , 18 , 15 , 29 , 26 , 10 , 47 , 38 , 32 , 39 , 42 , 21 , 25 , 1 , 8 , 37 , 33 , 31 , 7 , 19 , 27 , 28 , 11 , 5 , 48 , 2 , 4 , 35 , 24 , 45 , 34 , 9 , 46 , 40 , 12 , 44 , 22 , 14 , 3 , 16 , 36 , 13 , 43 , 6 , 17 ]}---Fitness: 93006.17966217107
Gennertation : 16
Best solution : Individual{solution=[30 , 41 , 23 , 20 , 18 , 15 , 29 , 26 , 10 , 47 , 38 , 32 , 39 , 42 , 21 , 25 , 1 , 8 , 37 , 33 , 31 , 7 , 19 , 27 , 28 , 11 , 5 , 48 , 2 , 4 , 35 , 24 , 45 , 34 , 9 , 46 , 40 , 12 , 44 , 22 , 14 , 3 , 16 , 36 , 13 , 43 , 6 , 17 ]}---Fitness: 93006.17966217107
Gennertation : 17
Best solution : Individual{solution=[30 , 41 , 23 , 20 , 18 , 15 , 29 , 26 , 10 , 47 , 38 , 32 , 39 , 42 , 21 , 25 , 1 , 8 , 37 , 33 , 31 , 7 , 19 , 27 , 28 , 11 , 5 , 48 , 2 , 4 , 35 , 24 , 45 , 34 , 9 , 46 , 40 , 12 , 44 , 22 , 14 , 3 , 16 , 36 , 13 , 43 , 6 , 17 ]}---Fitness: 93006.17966217107
Gennertation : 18
Best solution : Individual{solution=[30 , 41 , 23 , 20 , 18 , 15 , 29 , 26 , 10 , 47 , 38 , 32 , 39 , 42 , 21 , 25 , 1 , 8 , 37 , 33 , 31 , 7 , 19 , 27 , 28 , 11 , 5 , 48 , 2 , 4 , 35 , 24 , 45 , 34 , 9 , 46 , 40 , 12 , 44 , 22 , 14 , 3 , 16 , 36 , 13 , 43 , 6 , 17 ]}---Fitness: 93006.17966217107
Gennertation : 19
Best solution : Individual{solution=[34 , 17 , 13 , 15 , 36 , 30 , 29 , 26 , 10 , 47 , 38 , 32 , 39 , 42 , 21 , 25 , 1 , 8 , 37 , 33 , 31 , 7 , 19 , 27 , 28 , 44 , 5 , 48 , 2 , 4 , 35 , 24 , 45 , 3 , 9 , 46 , 40 , 12 , 18 , 43 , 6 , 20 , 16 , 14 , 23 , 11 , 22 , 41 ]}---Fitness: 92524.08701032138
Gennertation : 20
Best solution : Individual{solution=[38 , 8 , 28 , 27 , 6 , 43 , 32 , 45 , 24 , 15 , 3 , 23 , 34 , 25 , 21 , 20 , 47 , 33 , 22 , 39 , 31 , 7 , 19 , 36 , 18 , 11 , 5 , 48 , 2 , 4 , 35 , 10 , 26 , 42 , 9 , 46 , 40 , 12 , 44 , 37 , 14 , 29 , 16 , 1 , 13 , 41 , 30 , 17 ]}---Fitness: 89697.21728944629
Gennertation : 21
Best solution : Individual{solution=[38 , 8 , 28 , 27 , 6 , 43 , 32 , 45 , 24 , 15 , 3 , 23 , 34 , 25 , 21 , 20 , 47 , 33 , 22 , 39 , 31 , 7 , 19 , 36 , 18 , 11 , 5 , 48 , 2 , 4 , 35 , 10 , 26 , 42 , 9 , 46 , 40 , 12 , 44 , 37 , 14 , 29 , 16 , 1 , 13 , 41 , 30 , 17 ]}---Fitness: 89697.21728944629
Gennertation : 22
Best solution : Individual{solution=[30 , 37 , 23 , 20 , 18 , 15 , 5 , 45 , 24 , 1 , 38 , 32 , 42 , 25 , 21 , 39 , 47 , 33 , 22 , 41 , 46 , 7 , 19 , 27 , 28 , 36 , 29 , 48 , 2 , 4 , 35 , 10 , 26 , 34 , 9 , 31 , 40 , 13 , 44 , 8 , 14 , 3 , 16 , 11 , 12 , 43 , 6 , 17 ]}---Fitness: 88934.1263942993
Gennertation : 23
Best solution : Individual{solution=[13 , 41 , 38 , 36 , 16 , 32 , 29 , 26 , 24 , 15 , 3 , 23 , 34 , 25 , 21 , 20 , 47 , 33 , 22 , 8 , 31 , 7 , 19 , 27 , 28 , 11 , 5 , 48 , 2 , 4 , 35 , 10 , 45 , 42 , 9 , 46 , 40 , 12 , 44 , 6 , 37 , 43 , 17 , 18 , 1 , 30 , 39 , 14 ]}---Fitness: 83842.82309688984
Gennertation : 24
Best solution : Individual{solution=[13 , 41 , 38 , 36 , 16 , 29 , 32 , 45 , 24 , 15 , 3 , 23 , 34 , 25 , 21 , 20 , 47 , 33 , 22 , 8 , 31 , 7 , 19 , 27 , 28 , 11 , 5 , 48 , 2 , 4 , 35 , 10 , 26 , 42 , 9 , 46 , 40 , 12 , 44 , 6 , 37 , 43 , 17 , 18 , 1 , 30 , 39 , 14 ]}---Fitness: 82272.56164911749
Gennertation : 25
Best solution : Individual{solution=[13 , 41 , 38 , 36 , 16 , 29 , 32 , 45 , 24 , 15 , 3 , 23 , 34 , 25 , 21 , 20 , 47 , 33 , 22 , 8 , 31 , 7 , 19 , 27 , 28 , 11 , 5 , 48 , 2 , 4 , 35 , 10 , 26 , 42 , 9 , 46 , 40 , 12 , 44 , 6 , 37 , 43 , 17 , 18 , 1 , 30 , 39 , 14 ]}---Fitness: 82272.56164911749
Gennertation : 26
Best solution : Individual{solution=[13 , 41 , 38 , 36 , 16 , 3 , 29 , 45 , 24 , 39 , 32 , 23 , 34 , 25 , 21 , 20 , 47 , 33 , 22 , 8 , 31 , 7 , 19 , 27 , 28 , 11 , 5 , 48 , 2 , 4 , 35 , 10 , 26 , 42 , 9 , 46 , 40 , 12 , 44 , 6 , 37 , 43 , 17 , 18 , 1 , 30 , 15 , 14 ]}---Fitness: 76527.76452621703
Gennertation : 27
Best solution : Individual{solution=[13 , 41 , 38 , 36 , 16 , 3 , 29 , 45 , 24 , 39 , 32 , 23 , 34 , 25 , 21 , 20 , 47 , 33 , 22 , 8 , 31 , 7 , 19 , 27 , 28 , 11 , 5 , 48 , 2 , 4 , 35 , 10 , 26 , 42 , 9 , 46 , 40 , 12 , 44 , 6 , 37 , 43 , 17 , 18 , 1 , 30 , 15 , 14 ]}---Fitness: 76527.76452621703
Gennertation : 28
Best solution : Individual{solution=[6 , 18 , 15 , 36 , 38 , 41 , 29 , 24 , 26 , 39 , 32 , 13 , 34 , 25 , 21 , 20 , 47 , 33 , 22 , 8 , 31 , 7 , 19 , 27 , 28 , 11 , 5 , 48 , 2 , 4 , 35 , 45 , 42 , 10 , 9 , 46 , 40 , 12 , 44 , 37 , 14 , 3 , 16 , 1 , 23 , 43 , 30 , 17 ]}---Fitness: 75642.37243155866
Gennertation : 29
Best solution : Individual{solution=[41 , 3 , 1 , 16 , 38 , 13 , 14 , 29 , 24 , 39 , 32 , 23 , 34 , 25 , 21 , 20 , 47 , 33 , 22 , 8 , 31 , 7 , 19 , 27 , 28 , 11 , 5 , 48 , 2 , 4 , 35 , 10 , 45 , 42 , 9 , 46 , 40 , 12 , 44 , 6 , 37 , 43 , 17 , 18 , 36 , 30 , 15 , 26 ]}---Fitness: 75130.56354147957
Gennertation : 30
Best solution : Individual{solution=[41 , 3 , 1 , 16 , 38 , 33 , 14 , 29 , 24 , 39 , 32 , 13 , 34 , 25 , 21 , 20 , 47 , 23 , 22 , 8 , 31 , 7 , 19 , 27 , 28 , 11 , 5 , 48 , 2 , 4 , 35 , 10 , 45 , 42 , 9 , 46 , 40 , 12 , 44 , 6 , 37 , 43 , 17 , 18 , 36 , 30 , 15 , 26 ]}---Fitness: 74059.98642214676
Gennertation : 31
Best solution : Individual{solution=[14 , 3 , 1 , 16 , 38 , 41 , 29 , 26 , 24 , 39 , 32 , 13 , 34 , 25 , 21 , 20 , 47 , 33 , 22 , 8 , 31 , 7 , 19 , 27 , 28 , 11 , 5 , 48 , 2 , 4 , 35 , 10 , 45 , 42 , 9 , 46 , 40 , 12 , 44 , 6 , 37 , 43 , 17 , 18 , 36 , 30 , 15 , 23 ]}---Fitness: 67860.42280052845
Gennertation : 32
Best solution : Individual{solution=[14 , 3 , 1 , 16 , 38 , 41 , 29 , 26 , 24 , 39 , 32 , 13 , 34 , 25 , 21 , 20 , 47 , 33 , 22 , 8 , 31 , 7 , 19 , 27 , 28 , 11 , 5 , 48 , 2 , 4 , 35 , 10 , 45 , 42 , 9 , 46 , 40 , 12 , 44 , 6 , 37 , 43 , 17 , 18 , 36 , 30 , 15 , 23 ]}---Fitness: 67860.42280052845
Gennertation : 33
Best solution : Individual{solution=[23 , 3 , 16 , 1 , 38 , 41 , 29 , 26 , 24 , 39 , 32 , 13 , 34 , 25 , 21 , 20 , 47 , 33 , 22 , 8 , 31 , 7 , 19 , 27 , 28 , 11 , 5 , 48 , 2 , 4 , 35 , 10 , 45 , 42 , 9 , 46 , 40 , 12 , 44 , 6 , 37 , 43 , 17 , 18 , 36 , 30 , 15 , 14 ]}---Fitness: 66926.39757085787
Gennertation : 34
Best solution : Individual{solution=[13 , 3 , 38 , 1 , 16 , 41 , 29 , 10 , 42 , 39 , 32 , 23 , 34 , 25 , 21 , 20 , 47 , 33 , 22 , 8 , 31 , 7 , 19 , 27 , 28 , 11 , 5 , 48 , 2 , 4 , 35 , 26 , 45 , 24 , 9 , 46 , 40 , 12 , 44 , 6 , 37 , 43 , 17 , 18 , 36 , 30 , 15 , 14 ]}---Fitness: 66653.06533126668
Gennertation : 35
Best solution : Individual{solution=[14 , 3 , 1 , 16 , 38 , 41 , 29 , 26 , 24 , 39 , 32 , 13 , 34 , 25 , 21 , 20 , 47 , 33 , 22 , 8 , 31 , 7 , 19 , 27 , 28 , 11 , 5 , 48 , 2 , 4 , 35 , 45 , 10 , 42 , 9 , 46 , 40 , 12 , 44 , 6 , 37 , 43 , 17 , 18 , 36 , 30 , 15 , 23 ]}---Fitness: 65951.10877457343
Gennertation : 36
Best solution : Individual{solution=[23 , 3 , 16 , 1 , 38 , 41 , 29 , 26 , 24 , 39 , 32 , 13 , 34 , 25 , 21 , 20 , 47 , 33 , 22 , 8 , 31 , 7 , 19 , 27 , 28 , 11 , 5 , 48 , 2 , 4 , 35 , 45 , 10 , 42 , 9 , 46 , 40 , 12 , 44 , 6 , 37 , 43 , 17 , 18 , 36 , 30 , 15 , 14 ]}---Fitness: 65017.083544902845
Gennertation : 37
Best solution : Individual{solution=[23 , 3 , 38 , 1 , 16 , 41 , 29 , 10 , 24 , 39 , 32 , 13 , 34 , 25 , 21 , 20 , 47 , 33 , 22 , 8 , 31 , 7 , 19 , 27 , 28 , 11 , 5 , 48 , 2 , 4 , 35 , 45 , 26 , 42 , 9 , 46 , 18 , 30 , 36 , 6 , 37 , 43 , 17 , 40 , 44 , 12 , 15 , 14 ]}---Fitness: 64881.609638981274
Gennertation : 38
Best solution : Individual{solution=[14 , 3 , 38 , 1 , 16 , 41 , 29 , 10 , 24 , 39 , 32 , 13 , 34 , 25 , 21 , 20 , 47 , 33 , 22 , 8 , 31 , 7 , 19 , 27 , 28 , 11 , 5 , 48 , 2 , 4 , 35 , 45 , 26 , 42 , 9 , 46 , 40 , 12 , 44 , 6 , 37 , 43 , 17 , 18 , 36 , 30 , 15 , 23 ]}---Fitness: 63578.7110760301
Gennertation : 39
Best solution : Individual{solution=[14 , 3 , 38 , 1 , 16 , 41 , 29 , 26 , 24 , 39 , 32 , 13 , 34 , 25 , 21 , 20 , 47 , 33 , 22 , 8 , 31 , 7 , 19 , 27 , 28 , 11 , 5 , 48 , 2 , 4 , 35 , 45 , 10 , 42 , 9 , 46 , 40 , 30 , 36 , 6 , 37 , 43 , 17 , 18 , 44 , 12 , 15 , 23 ]}---Fitness: 63574.560489117386
Gennertation : 40
Best solution : Individual{solution=[14 , 3 , 1 , 38 , 16 , 41 , 29 , 10 , 24 , 39 , 32 , 13 , 34 , 25 , 21 , 20 , 47 , 33 , 22 , 8 , 31 , 7 , 19 , 27 , 28 , 11 , 5 , 48 , 2 , 4 , 35 , 45 , 26 , 42 , 9 , 46 , 40 , 30 , 36 , 6 , 37 , 43 , 17 , 18 , 44 , 12 , 15 , 23 ]}---Fitness: 63530.829924774174
Gennertation : 41
Best solution : Individual{solution=[14 , 3 , 38 , 1 , 16 , 41 , 29 , 10 , 24 , 39 , 32 , 13 , 34 , 25 , 21 , 20 , 47 , 33 , 22 , 8 , 31 , 7 , 19 , 27 , 28 , 11 , 5 , 48 , 2 , 4 , 35 , 45 , 26 , 42 , 9 , 46 , 40 , 30 , 36 , 6 , 37 , 43 , 17 , 18 , 44 , 12 , 15 , 23 ]}---Fitness: 63332.23278222071
Gennertation : 42
Best solution : Individual{solution=[14 , 3 , 38 , 1 , 16 , 41 , 29 , 10 , 24 , 39 , 32 , 13 , 34 , 25 , 21 , 20 , 47 , 23 , 22 , 8 , 31 , 7 , 19 , 27 , 28 , 11 , 5 , 48 , 2 , 4 , 35 , 45 , 26 , 42 , 9 , 46 , 40 , 30 , 36 , 6 , 37 , 43 , 17 , 18 , 44 , 12 , 15 , 33 ]}---Fitness: 63257.02115325851
Gennertation : 43
Best solution : Individual{solution=[14 , 3 , 38 , 1 , 16 , 41 , 29 , 10 , 24 , 39 , 32 , 13 , 34 , 25 , 21 , 20 , 47 , 23 , 22 , 8 , 31 , 7 , 19 , 27 , 28 , 11 , 5 , 48 , 2 , 4 , 35 , 45 , 26 , 42 , 9 , 46 , 40 , 30 , 36 , 6 , 37 , 43 , 17 , 18 , 44 , 12 , 15 , 33 ]}---Fitness: 63257.02115325851
Gennertation : 44
Best solution : Individual{solution=[14 , 3 , 38 , 1 , 16 , 41 , 29 , 10 , 24 , 39 , 32 , 13 , 34 , 25 , 21 , 20 , 47 , 23 , 22 , 8 , 31 , 7 , 19 , 27 , 28 , 11 , 5 , 48 , 2 , 4 , 35 , 45 , 26 , 42 , 9 , 46 , 40 , 30 , 36 , 6 , 37 , 43 , 17 , 18 , 44 , 12 , 15 , 33 ]}---Fitness: 63257.02115325851
Gennertation : 45
Best solution : Individual{solution=[14 , 3 , 38 , 1 , 16 , 41 , 29 , 10 , 24 , 39 , 32 , 13 , 34 , 25 , 21 , 20 , 47 , 23 , 22 , 8 , 31 , 7 , 19 , 27 , 28 , 11 , 5 , 48 , 2 , 4 , 35 , 45 , 26 , 42 , 9 , 46 , 40 , 30 , 36 , 6 , 37 , 43 , 17 , 18 , 44 , 12 , 15 , 33 ]}---Fitness: 63257.02115325851
Gennertation : 46
Best solution : Individual{solution=[14 , 3 , 38 , 1 , 16 , 41 , 29 , 10 , 24 , 39 , 32 , 13 , 34 , 25 , 21 , 20 , 47 , 23 , 22 , 8 , 31 , 7 , 19 , 27 , 28 , 11 , 5 , 48 , 2 , 4 , 35 , 45 , 26 , 42 , 9 , 46 , 40 , 30 , 36 , 6 , 37 , 43 , 17 , 18 , 44 , 12 , 15 , 33 ]}---Fitness: 63257.02115325851
Gennertation : 47
Best solution : Individual{solution=[14 , 3 , 38 , 1 , 16 , 41 , 29 , 10 , 24 , 39 , 32 , 13 , 34 , 25 , 21 , 20 , 47 , 23 , 22 , 8 , 31 , 7 , 19 , 27 , 28 , 11 , 5 , 48 , 2 , 4 , 35 , 45 , 26 , 42 , 9 , 46 , 40 , 30 , 36 , 6 , 37 , 43 , 17 , 18 , 44 , 12 , 15 , 33 ]}---Fitness: 63257.02115325851
Gennertation : 48
Best solution : Individual{solution=[14 , 3 , 38 , 1 , 16 , 41 , 29 , 10 , 24 , 39 , 32 , 13 , 34 , 25 , 21 , 20 , 47 , 23 , 22 , 8 , 31 , 7 , 19 , 27 , 28 , 11 , 5 , 48 , 2 , 4 , 35 , 45 , 26 , 42 , 9 , 46 , 40 , 30 , 36 , 6 , 37 , 43 , 17 , 18 , 44 , 12 , 15 , 33 ]}---Fitness: 63257.02115325851
Gennertation : 49
Best solution : Individual{solution=[14 , 3 , 38 , 1 , 16 , 41 , 29 , 10 , 24 , 39 , 32 , 13 , 34 , 25 , 21 , 20 , 47 , 23 , 22 , 8 , 31 , 7 , 19 , 27 , 28 , 11 , 5 , 48 , 2 , 4 , 35 , 45 , 26 , 42 , 9 , 46 , 40 , 30 , 36 , 6 , 37 , 43 , 17 , 18 , 44 , 12 , 15 , 33 ]}---Fitness: 63257.02115325851
Gennertation : 50
Best solution : Individual{solution=[14 , 3 , 38 , 1 , 16 , 41 , 29 , 10 , 24 , 39 , 32 , 13 , 34 , 25 , 21 , 20 , 47 , 23 , 22 , 8 , 31 , 7 , 19 , 27 , 28 , 11 , 5 , 48 , 2 , 4 , 35 , 45 , 26 , 42 , 9 , 46 , 40 , 30 , 36 , 6 , 37 , 43 , 17 , 18 , 44 , 12 , 15 , 33 ]}---Fitness: 63257.02115325851
Gennertation : 51
Best solution : Individual{solution=[14 , 3 , 38 , 1 , 16 , 41 , 29 , 10 , 24 , 39 , 32 , 13 , 34 , 25 , 21 , 20 , 47 , 23 , 22 , 8 , 31 , 7 , 19 , 27 , 28 , 11 , 5 , 48 , 2 , 4 , 35 , 45 , 26 , 42 , 9 , 46 , 40 , 30 , 36 , 6 , 37 , 43 , 17 , 18 , 44 , 12 , 15 , 33 ]}---Fitness: 63257.02115325851
Gennertation : 52
Best solution : Individual{solution=[14 , 3 , 38 , 1 , 16 , 41 , 29 , 10 , 24 , 39 , 32 , 13 , 34 , 25 , 21 , 20 , 47 , 23 , 22 , 8 , 31 , 7 , 19 , 27 , 28 , 11 , 5 , 48 , 2 , 4 , 35 , 45 , 26 , 42 , 9 , 46 , 40 , 30 , 36 , 6 , 37 , 43 , 17 , 18 , 44 , 12 , 15 , 33 ]}---Fitness: 63257.02115325851
Gennertation : 53
Best solution : Individual{solution=[14 , 3 , 38 , 1 , 16 , 41 , 29 , 10 , 24 , 39 , 32 , 13 , 34 , 25 , 21 , 20 , 47 , 23 , 22 , 8 , 31 , 7 , 19 , 27 , 28 , 11 , 5 , 48 , 2 , 4 , 35 , 45 , 26 , 42 , 9 , 46 , 40 , 30 , 36 , 6 , 37 , 43 , 17 , 18 , 44 , 12 , 15 , 33 ]}---Fitness: 63257.02115325851
Gennertation : 54
Best solution : Individual{solution=[14 , 3 , 38 , 1 , 16 , 41 , 29 , 10 , 24 , 39 , 32 , 13 , 34 , 25 , 21 , 20 , 47 , 23 , 22 , 8 , 31 , 7 , 19 , 27 , 28 , 11 , 5 , 48 , 2 , 4 , 35 , 45 , 26 , 42 , 9 , 46 , 40 , 30 , 36 , 6 , 37 , 43 , 17 , 18 , 44 , 12 , 15 , 33 ]}---Fitness: 63257.02115325851
Gennertation : 55
Best solution : Individual{solution=[14 , 3 , 38 , 1 , 16 , 41 , 29 , 10 , 24 , 39 , 32 , 13 , 34 , 25 , 21 , 20 , 47 , 23 , 22 , 8 , 31 , 7 , 19 , 27 , 28 , 11 , 5 , 48 , 2 , 4 , 35 , 45 , 26 , 42 , 9 , 46 , 40 , 30 , 36 , 6 , 37 , 43 , 17 , 18 , 44 , 12 , 15 , 33 ]}---Fitness: 63257.02115325851
Gennertation : 56
Best solution : Individual{solution=[14 , 3 , 38 , 1 , 16 , 41 , 29 , 10 , 24 , 39 , 32 , 13 , 34 , 25 , 21 , 20 , 47 , 23 , 22 , 8 , 31 , 7 , 19 , 27 , 28 , 11 , 5 , 48 , 2 , 4 , 35 , 45 , 26 , 42 , 9 , 46 , 40 , 30 , 36 , 6 , 37 , 43 , 17 , 18 , 44 , 12 , 15 , 33 ]}---Fitness: 63257.02115325851
Gennertation : 57
Best solution : Individual{solution=[14 , 3 , 38 , 1 , 16 , 41 , 29 , 10 , 24 , 39 , 32 , 13 , 34 , 25 , 21 , 20 , 47 , 23 , 22 , 8 , 31 , 7 , 19 , 27 , 28 , 11 , 5 , 48 , 2 , 4 , 35 , 45 , 26 , 42 , 9 , 46 , 40 , 30 , 36 , 6 , 37 , 43 , 17 , 18 , 44 , 12 , 15 , 33 ]}---Fitness: 63257.02115325851
Gennertation : 58
Best solution : Individual{solution=[14 , 3 , 38 , 1 , 16 , 41 , 29 , 10 , 24 , 39 , 32 , 13 , 34 , 25 , 21 , 20 , 47 , 23 , 22 , 8 , 31 , 7 , 19 , 27 , 28 , 11 , 5 , 48 , 2 , 4 , 35 , 45 , 26 , 42 , 9 , 46 , 40 , 30 , 36 , 6 , 37 , 43 , 17 , 18 , 44 , 12 , 15 , 33 ]}---Fitness: 63257.02115325851
Gennertation : 59
Best solution : Individual{solution=[14 , 3 , 38 , 1 , 16 , 41 , 29 , 10 , 24 , 39 , 32 , 13 , 34 , 25 , 21 , 20 , 47 , 23 , 22 , 8 , 31 , 7 , 19 , 27 , 28 , 11 , 5 , 48 , 2 , 4 , 35 , 45 , 26 , 42 , 9 , 46 , 40 , 30 , 36 , 6 , 37 , 43 , 17 , 18 , 44 , 12 , 15 , 33 ]}---Fitness: 63257.02115325851
Gennertation : 60
Best solution : Individual{solution=[14 , 3 , 38 , 1 , 16 , 41 , 29 , 10 , 24 , 39 , 32 , 13 , 34 , 25 , 21 , 20 , 47 , 23 , 22 , 8 , 31 , 7 , 19 , 27 , 28 , 11 , 5 , 48 , 2 , 4 , 35 , 45 , 26 , 42 , 9 , 46 , 40 , 30 , 36 , 6 , 37 , 43 , 17 , 18 , 44 , 12 , 15 , 33 ]}---Fitness: 63257.02115325851
Gennertation : 61
Best solution : Individual{solution=[14 , 3 , 38 , 1 , 16 , 41 , 29 , 10 , 24 , 39 , 32 , 13 , 34 , 25 , 21 , 20 , 47 , 23 , 22 , 8 , 31 , 7 , 19 , 27 , 28 , 11 , 5 , 48 , 2 , 4 , 35 , 45 , 26 , 42 , 9 , 46 , 40 , 30 , 36 , 6 , 37 , 43 , 17 , 18 , 44 , 12 , 15 , 33 ]}---Fitness: 63257.02115325851
Gennertation : 62
Best solution : Individual{solution=[14 , 3 , 38 , 1 , 16 , 41 , 29 , 10 , 24 , 39 , 32 , 13 , 34 , 25 , 21 , 20 , 47 , 23 , 22 , 8 , 31 , 7 , 19 , 27 , 28 , 11 , 5 , 48 , 2 , 4 , 35 , 45 , 26 , 42 , 9 , 46 , 40 , 30 , 36 , 6 , 37 , 43 , 17 , 18 , 44 , 12 , 15 , 33 ]}---Fitness: 63257.02115325851
Gennertation : 63
Best solution : Individual{solution=[14 , 3 , 38 , 1 , 16 , 41 , 29 , 10 , 24 , 39 , 32 , 13 , 34 , 25 , 21 , 20 , 47 , 23 , 22 , 8 , 31 , 7 , 19 , 27 , 28 , 11 , 5 , 48 , 2 , 4 , 35 , 45 , 26 , 42 , 9 , 46 , 40 , 30 , 36 , 6 , 37 , 43 , 17 , 18 , 44 , 12 , 15 , 33 ]}---Fitness: 63257.02115325851
Dung do ko cai thien 
